max_score:128
loss:0.8430553674697876
acc:0.78125